170.0 216.0 159.0 215.0 168.0 150.0 180.0 153.0 harbor 0
237.0 214.0 224.0 212.0 233.0 150.0 247.0 152.0 harbor 0
336.0 231.0 327.0 228.0 338.0 155.0 348.0 157.0 harbor 0
404.0 366.0 394.0 364.0 436.0 186.0 447.0 188.0 harbor 0
484.0 337.0 474.0 335.0 495.0 204.0 504.0 206.0 harbor 0
612.0 430.0 592.0 422.0 671.0 197.0 693.0 206.0 harbor 0
714.0 490.0 692.0 481.0 766.0 258.0 790.0 266.0 harbor 0
942.0 612.0 917.0 604.0 1000.0 316.0 1024.0 323.0 harbor 0
1009.0 556.0 993.0 551.0 1024.0 419.0 1024.0 493.0 harbor 2
106.0 176.0 92.0 174.0 97.0 143.0 110.0 145.0 harbor 0
